INDEPENDENT pool, 30 cases, seeds 62000..62029
 spacing  budget   stops    ratio      min  fails     time   median
     900       0    18.3   0.9928   0.9231      3    539.5    535.4
     900       3    18.3   0.9928   0.9231      3    539.5    535.4
     900       6    18.3   0.9928   0.9231      3    539.5    535.4
     900      12    18.3   0.9928   0.9231      3    539.5    535.4
     900      40    18.3   0.9928   0.9231      3    539.5    535.4
    1000       0    12.8   1.0000   1.0000      0    539.3    511.5
    1000       3    13.0   1.0000   1.0000      0    544.1    539.7
    1000       6    13.0   1.0000   1.0000      0    544.1    539.7
    1000      12    13.0   1.0000   1.0000      0    544.1    539.7
    1000      40    13.0   1.0000   1.0000      0    544.1    539.7
    1100       0     7.0   0.9636   0.7857     10    431.5    406.3
    1100       3     7.9   0.9660   0.8182     10    454.9    422.2
    1100       6     7.9   0.9660   0.8182     10    454.9    422.2
    1100      12     7.9   0.9660   0.8182     10    454.9    422.2
    1100      40     7.9   0.9660   0.8182     10    454.9    422.2

PERFECT on the independent pool and fastest: spacing 1000 budget 0 -> 539.3 s/source (12 stops)
report -> data/select_on_independent.json
