20 cases, seeds 30000..30019, farthest-point ordered survey
 spacing    cap   stops    ratio      min     time   travel
     900     12    12.0   0.9852   0.9091    480.2    20201  <== under 500 s
     900     14    14.0   0.9923   0.9091    498.1    20840  <== under 500 s
     900     15    15.0   0.9890   0.9091    510.6    21356
     900     16    16.0   0.9878   0.9091    517.5    21647
     900     18    17.6   0.9962   0.9231    517.5    21690
     900      0    18.8   0.9916   0.9091    528.8    22199

     850     12    12.0   0.9811   0.9091    501.0    21296
     850     14    14.0   0.9811   0.9091    525.2    22165
     850     15    15.0   0.9811   0.9091    493.9    20007  <== under 500 s
     850     16    16.0   0.9845   0.9091    509.4    21123
     850     18    17.9   0.9876   0.9091    523.2    22092
     850      0    18.8   0.9797   0.8182    538.7    22244

     800     12    12.0   0.9612   0.9000    468.3    18814  <== under 500 s
     800     14    14.0   0.9702   0.9000    488.0    19664  <== under 500 s
     800     15    14.9   0.9592   0.8750    515.6    20407
     800     16    16.0   0.9657   0.9000    512.3    20112
     800     18    17.9   0.9817   0.9091    516.8    21238
     800      0    18.6   0.9817   0.9091    509.9    21008

BEST UNDER 500 s: s900/cap14 -> ratio 0.9923 (min 0.9091) at 498.1 s
report -> data/spread_scan.json
